[[ -99  -74   -5   59   42  -73  -65  -70    8   79  -46  -35   20   89
   -52   67  -30  -24   34  -66]
 [ -36  -24  -70    8  -19   -7   42   82   52  -41   22   41   94   70
    41   62   33   54   95   -9]
 [  29   -6  -65   92   60   61  -91   65  -62  -93    1  -52   21  -40
   -29  -95   27  -40   -4   10]
 [  25   95   36   19   77   74   -5    3   90  -66   22   57   -2  -16
   -30  -16  -55   67  -87  -98]
 [  87  -18  -12   99   66   14   24   32  -59   25    0  -44   56   34
    75  -23   65 -100   79   84]
 [ -59   13   60    7   59   78  -54  -24   79   -2  -98  -49  -66  -47
    -4   -1    7  -24   82   55]
 [  36   48   73  -85   83   64  -50   79   59   62  -12   17   91  -33
    32  -75   21  -66  -45   44]
 [ -78   32   45   42    7   20   84   48   92    5  -49   61   83  -71
    39  -70  -94  -88   94   -4]
 [  67  -19  -80   78   14   -3   57  -40  -14   80   82  -90  -34  -84
    27   74    6  -38   90  -87]
 [  72   -8   29   92   -2  -33   23  -23   42  -78   -7  -45   32  -28
   -20  -65  -16  -53   14  -89]
 [  47  -14  -58  -65   31   -2  -37   -6   42   66   10   15   13  -54
  -100  -31  -51   22  -65   42]
 [ -55   58   17   14   47  -97  -71  -66  -32   88    5   38  -74   95
   -78   82   -1   22  -17   16]
 [  41  -18   97  -15   -1  -93   14   15  -15   -8   76    3  -74  -31
    35  -53   54    1  -57  -52]
 [ -55   71  -88   18  -26   51   17  -37  -66   -1  -57   19  -81  -80
    31  -60   96 -100  -54  -84]
 [ -71    0   80  -93   28   36   43   15  -28  -79  -19  -86  -55   90
    36  -53   23  -70  -27  -72]
 [  36  -39   -5   37  -12  -33  -76   54  -29  -27  -69  -81  -33   14
    27   19   13  -57  -77  -63]
 [   5  -80    1   -6   68  -22   29  -24   17   81   43   33  -93   19
   -64  -22   34   36   88   17]
 [ -97  -27  -13  -79   80  -17  -75   29   91  -62   95  -19    4   86
    52   30  -43    9   85   16]
 [ -86   -2   13   72   -6  -13  -30  -51   67   84   69  -30   37  -86
    40  -25    6  -10  -49    2]
 [  -9   52   37  -97   65   95  -37  -51  -21   57  -14  -49   30  -82
   -61  -49  -29   53   41   17]]
determiner:                1.848882997236265e+44
inverse matrix determiner: 5.4086710813760794e-45
condition number:          24.572500721252105