[[20107    37   -23   -91    18   -23    28   -68    44   -78   -56   -65
    -74    59    55    72    90   -21   -91   -61]
 [   13 20107   -32   -28   -24    91   -55   -52   -21    11   -23   -19
     43   -69   -19   -77   -12   -92    17   -85]
 [   28   -58 20107   -26   -97    18   -42   -24   -67    19   -23   -10
     54    12    60    41   -47   -18   -45   -65]
 [  -68    76    96 20107   -97   -79   -93   -92    74    76    84    -5
     61   -32    77   -96    94   -69    33     4]
 [   29    22   -14   -21 20107    55   -68    79   -25    65    67    18
    -24   -59    67   -11    88    56    31   -84]
 [   42   -60   -42     2   -85 20107   -22   -45    89    85    15   -59
    -79   -80   -84   -81    94   -77    42    62]
 [   47   -60   -52   -52   -79   -42 20107     0    36    16   -60   -94
     31    51   -74   -37    12   -42    76   -56]
 [  -77    86   -98    -6    84    17    94 20107   -11    61     3    54
    -23     3   -97    33    -1    93   -88   -49]
 [   34    69   -62   -92    13    79    45    44 20107    73    77    64
    -40   -15    85    26   -11   -58    17   -82]
 [   83    31   -46   -41     2   -18     5    95   -19 20107   -75    95
      9    33   -84    95   -84   -18     6    51]
 [   88    47   -72   -54    71   -10    52    80    92    80 20107    -7
    -51   -60    49    53   -78   -51   -73    -6]
 [   64     9   -17    94    -8    42    66   -92    39    41    49 20107
    -24   -38    25   -94   -69   -30     8    91]
 [   73   -41   -26    30   -14   -70    41    76   -61    -7   -59   -79
  20107   -71    35    -7    82    47    74   -16]
 [  -44   -68    46   -72   -89    72   -32    40    -3   -63   -76   -73
     58 20107   -38    99    44    45    14    50]
 [  -22    57   -33    -4    85    63   -51   -35    88   -42   -63    29
    -28    60 20107    93     6    40    17    13]
 [  -44   -28    55   -98    91    69   -61   -44   -97   -51    32   -16
     59    87   -52 20107   -72    -1    -9    39]
 [  -56   -25   -69   -99   -23    96     8   -79    43    25    -9   -20
    -13   -32   -22    58 20107   -50   -39    20]
 [  -89    64    74    19   -53   -20    98    35    68    91   -80    42
    -23    21   -48    72    55 20107    -8    32]
 [   95    88    20   -42    22    -1    13   -29   -52   -70    35    44
    -70   -61    40   -92    59   -27 20107    53]
 [  -84   -90   -26   -16    42   -91    74    -9   -22   -52    26    91
    -20   -94    61   -66    15    22    27 20107]]
determiner:                1.16670429739402e+86
inverse matrix determiner: 8.571152109695633e-87
condition number:          1.0305807955047492