[[1.         0.5        0.33333333 0.25       0.2        0.16666667
  0.14285714 0.125      0.11111111 0.1        0.09090909 0.08333333
  0.07692308 0.07142857 0.06666667 0.0625     0.05882353 0.05555556
  0.05263158 0.05      ]
 [0.5        0.33333333 0.25       0.2        0.16666667 0.14285714
  0.125      0.11111111 0.1        0.09090909 0.08333333 0.07692308
  0.07142857 0.06666667 0.0625     0.05882353 0.05555556 0.05263158
  0.05       0.04761905]
 [0.33333333 0.25       0.2        0.16666667 0.14285714 0.125
  0.11111111 0.1        0.09090909 0.08333333 0.07692308 0.07142857
  0.06666667 0.0625     0.05882353 0.05555556 0.05263158 0.05
  0.04761905 0.04545455]
 [0.25       0.2        0.16666667 0.14285714 0.125      0.11111111
  0.1        0.09090909 0.08333333 0.07692308 0.07142857 0.06666667
  0.0625     0.05882353 0.05555556 0.05263158 0.05       0.04761905
  0.04545455 0.04347826]
 [0.2        0.16666667 0.14285714 0.125      0.11111111 0.1
  0.09090909 0.08333333 0.07692308 0.07142857 0.06666667 0.0625
  0.05882353 0.05555556 0.05263158 0.05       0.04761905 0.04545455
  0.04347826 0.04166667]
 [0.16666667 0.14285714 0.125      0.11111111 0.1        0.09090909
  0.08333333 0.07692308 0.07142857 0.06666667 0.0625     0.05882353
  0.05555556 0.05263158 0.05       0.04761905 0.04545455 0.04347826
  0.04166667 0.04      ]
 [0.14285714 0.125      0.11111111 0.1        0.09090909 0.08333333
  0.07692308 0.07142857 0.06666667 0.0625     0.05882353 0.05555556
  0.05263158 0.05       0.04761905 0.04545455 0.04347826 0.04166667
  0.04       0.03846154]
 [0.125      0.11111111 0.1        0.09090909 0.08333333 0.07692308
  0.07142857 0.06666667 0.0625     0.05882353 0.05555556 0.05263158
  0.05       0.04761905 0.04545455 0.04347826 0.04166667 0.04
  0.03846154 0.03703704]
 [0.11111111 0.1        0.09090909 0.08333333 0.07692308 0.07142857
  0.06666667 0.0625     0.05882353 0.05555556 0.05263158 0.05
  0.04761905 0.04545455 0.04347826 0.04166667 0.04       0.03846154
  0.03703704 0.03571429]
 [0.1        0.09090909 0.08333333 0.07692308 0.07142857 0.06666667
  0.0625     0.05882353 0.05555556 0.05263158 0.05       0.04761905
  0.04545455 0.04347826 0.04166667 0.04       0.03846154 0.03703704
  0.03571429 0.03448276]
 [0.09090909 0.08333333 0.07692308 0.07142857 0.06666667 0.0625
  0.05882353 0.05555556 0.05263158 0.05       0.04761905 0.04545455
  0.04347826 0.04166667 0.04       0.03846154 0.03703704 0.03571429
  0.03448276 0.03333333]
 [0.08333333 0.07692308 0.07142857 0.06666667 0.0625     0.05882353
  0.05555556 0.05263158 0.05       0.04761905 0.04545455 0.04347826
  0.04166667 0.04       0.03846154 0.03703704 0.03571429 0.03448276
  0.03333333 0.03225806]
 [0.07692308 0.07142857 0.06666667 0.0625     0.05882353 0.05555556
  0.05263158 0.05       0.04761905 0.04545455 0.04347826 0.04166667
  0.04       0.03846154 0.03703704 0.03571429 0.03448276 0.03333333
  0.03225806 0.03125   ]
 [0.07142857 0.06666667 0.0625     0.05882353 0.05555556 0.05263158
  0.05       0.04761905 0.04545455 0.04347826 0.04166667 0.04
  0.03846154 0.03703704 0.03571429 0.03448276 0.03333333 0.03225806
  0.03125    0.03030303]
 [0.06666667 0.0625     0.05882353 0.05555556 0.05263158 0.05
  0.04761905 0.04545455 0.04347826 0.04166667 0.04       0.03846154
  0.03703704 0.03571429 0.03448276 0.03333333 0.03225806 0.03125
  0.03030303 0.02941176]
 [0.0625     0.05882353 0.05555556 0.05263158 0.05       0.04761905
  0.04545455 0.04347826 0.04166667 0.04       0.03846154 0.03703704
  0.03571429 0.03448276 0.03333333 0.03225806 0.03125    0.03030303
  0.02941176 0.02857143]
 [0.05882353 0.05555556 0.05263158 0.05       0.04761905 0.04545455
  0.04347826 0.04166667 0.04       0.03846154 0.03703704 0.03571429
  0.03448276 0.03333333 0.03225806 0.03125    0.03030303 0.02941176
  0.02857143 0.02777778]
 [0.05555556 0.05263158 0.05       0.04761905 0.04545455 0.04347826
  0.04166667 0.04       0.03846154 0.03703704 0.03571429 0.03448276
  0.03333333 0.03225806 0.03125    0.03030303 0.02941176 0.02857143
  0.02777778 0.02702703]
 [0.05263158 0.05       0.04761905 0.04545455 0.04347826 0.04166667
  0.04       0.03846154 0.03703704 0.03571429 0.03448276 0.03333333
  0.03225806 0.03125    0.03030303 0.02941176 0.02857143 0.02777778
  0.02702703 0.02631579]
 [0.05       0.04761905 0.04545455 0.04347826 0.04166667 0.04
  0.03846154 0.03703704 0.03571429 0.03448276 0.03333333 0.03225806
  0.03125    0.03030303 0.02941176 0.02857143 0.02777778 0.02702703
  0.02631579 0.02564103]]

determiner:                       -2.0985960089845473e-194
inverse matrix determiner:        -1.5787076708296194e+194
euclidean norm:                   1.9698134528699593
euclidean norm of inverse matrix: 5.944287585161843e+17
condition number:                 1.1709137652979684e+18