[[20.31556484 16.9876792  88.93251287 74.68326087 45.60885488 95.08772797
  95.19216713 15.00897092  2.00993003 78.71047304 64.5339896   4.8046403
  71.32653161 71.24391095 23.272757   78.54357713 23.6126534  88.6097921
  96.10049835 67.7102526 ]
 [64.87015997 69.68805189 18.91973694 67.12470877 88.42075768 57.95911374
  91.77197434 43.37163965 43.87453583 77.1578162   1.73138307 49.81622186
  36.69854666 45.61258934 98.29818339 54.07120306 81.29561906 33.69046595
  80.29555788 63.88392118]
 [67.076242    1.92705583 79.69640878 63.15272919 89.81285632 23.23190274
  28.33136577 59.18127311 88.22163732  5.43844435 39.72239419 30.8472524
  84.84272588 83.54591617 31.21154014  8.50030478 73.61243298 14.19856474
  18.78313379 17.65412971]
 [39.88223922 91.95224441 34.54410089 73.45349252 24.75120717 16.13615526
  24.02093996 52.90411727 49.18858225 48.87020833 18.16929321 36.74471131
  47.89864897 26.70973338 84.57431518 21.26492573 99.53338924 79.49002205
  17.04093835  8.84777504]
 [29.63094821 85.39938229 40.09546562 82.72370946 56.95714839 81.61606874
  23.56487218 12.25920498  6.58890386 94.60982372 70.19566821 77.1641799
  21.38705589 29.27045872 39.75170944 33.43484825  2.0585365  52.95019313
  66.24932479 37.48279138]
 [ 5.95070637  3.8061518  83.02303158  7.56488901 44.85018201 84.87636086
  77.57832585 77.12467312 20.93511497 59.40571361  9.55733291 24.27618075
  17.19348834 47.19394605 19.25326262 66.90732337  2.99417227  7.67611787
  30.14287422  2.89756824]
 [10.39911963 96.36200373 97.90249501  8.70950516 27.87234493 86.01219318
  34.34091025 94.26372036 45.42225974 26.15897208 89.31285047 19.11378764
  93.13276071 79.8191078  69.26321424 57.93616922 50.6816979  83.04145399
  49.31319341 51.34743891]
 [43.89311382 56.78630927 93.09398447 91.37141526 74.25228874 25.7803181
   3.18893484 42.7917419  73.93723333 74.33990252  7.06476138 30.95295732
  75.42361875 49.14203635 48.24642191 61.36129298 84.17694431 27.98763879
  19.59882739 79.16926871]
 [32.92851191 48.26227161 71.32109766 60.16075276 10.78320145 40.32438158
  75.23032761 71.18528112 53.57433566 61.60727163 32.79062932 47.55557118
   6.65994053 56.6071596  74.59790723 61.6117362  58.15725056 76.36287434
  89.15366315  5.84105343]
 [13.86666079 16.05140173 55.13128244 83.64642505  2.83387476 70.35530135
  50.01854314 47.36792072 70.08921269 32.79214991 84.87336354 70.65786952
  46.3175903  47.27308745 33.82789027 69.51282486 20.96788339 46.73671929
  26.20076027  8.83485382]
 [ 6.756469   62.749465   16.83318359 59.90417593 16.41112459 45.47372915
  84.32432943 14.60267749 39.93457313 77.50782431 84.22559507 49.15852809
  74.38754422 76.11966319 20.26505837 64.90113848 83.86531632 41.43275127
  67.82055441 85.02460245]
 [84.55510415 91.79907814 79.57035494 74.49554357 85.66524257 21.34739397
  57.29778112 61.49139353  1.75332275 64.1451187  36.92024535 62.15200974
  92.43953183 75.40344799 83.65078786 97.27560572 11.71598556 69.46842221
   2.46176432 90.49947968]
 [67.73159954 74.04008035 13.69997745 87.40601459 22.85619197 54.25646892
  97.82008887 32.73591037 12.62164787  3.30224702 21.99064699 45.82476679
   7.58633126 66.87569823 96.92292038 57.87861909 72.92905016 88.88610173
  41.43478319 98.74992199]
 [57.78365719 11.92258104  1.63499914 38.0344837  58.09331452 82.56430521
  77.83856875 50.4995283  86.36915861 73.57022005 94.48827335 86.45313879
  92.39861596 90.12484208 39.33659091 60.93209356 96.48195131 25.98811173
  46.06438269 73.45555915]
 [ 3.90118002 90.35107076  3.7418988  45.08601165 18.66942462 35.83465742
  99.93172262  1.77998124 81.52253463 22.50532602  7.31878345 27.41050935
  29.51388729 85.10868386 18.74438242 94.92343013 38.3285921  24.64336036
  76.76543703 93.74843788]
 [69.14436689 15.47952798 44.68163547 51.50218259 99.86010649  3.10165632
  35.45343314 55.31152967 78.39516485 58.61817895 68.3720643  36.63585067
  26.37858893 33.19589744 40.9914096  90.61952739 99.53175261 88.56874785
  39.25302205 56.16968594]
 [85.98867082 25.56196242 10.9057161  11.95214375  2.46081439 25.62551101
  12.22847841 77.52272962 57.38209397 68.24725738 79.53038038 65.39664109
  75.90966759 78.70621194  6.54975953 47.02649639 12.73259299 59.12759466
  15.2922438  42.048065  ]
 [33.51911165 43.63589815 28.34483841  8.76325259 12.43268128 62.16170403
  48.23699834 50.41197817 26.78849224 78.7127523  31.33024069  9.33279523
  51.92798924 10.17150928  1.63903838 53.86908836 73.61162654 73.04971742
  78.83379076 27.70261818]
 [51.6229146   7.33640619 70.81424604 36.9058054  96.84622735 70.09031903
  77.41390889 85.62511475 30.41409713 70.60176955 92.56410379 55.60775594
  14.59930658 92.07312827 15.67265798 11.28028824 92.97766488 14.98449363
  73.81478167 50.1480216 ]
 [60.90409937 75.18407246 37.43003116 63.08819132 11.556825   28.96343515
  61.51385602 95.75366616  1.02940989 95.18327192 40.07412922 11.3859944
  43.97714699 10.80698853 23.37937652 23.43833802 76.38431428 71.50014298
  63.60843478 66.27515264]]

determiner:                       -4.715351652173172e+37
inverse matrix determiner:        -2.1207326065259328e-38
euclidean norm:                   1168.8785782839968
euclidean norm of inverse matrix: 1.0995784386004412
condition number:                 1285.2736820230214