[[83. 21. 77.  4. 75. 96. 65. 68. 97. 26. 79. 10. 34. 75. 63. 15. 18. 72.
  65.  8.]
 [16. 55. 35.  8. 52. 49. 64. 99. 75. 41. 83. 59.  2. 69. 85. 69. 49. 40.
   7. 87.]
 [52. 36. 82. 12. 66. 94. 86. 74. 68. 92. 21. 58. 30.  2. 36. 36. 15. 38.
  73. 79.]
 [82. 96. 54. 61. 81. 58. 77.  7. 98.  9.  3. 34.  4. 35. 71. 32. 89. 89.
  42. 74.]
 [36. 70. 52. 55. 47.  8. 35. 71. 73. 88. 92. 62. 71. 58. 98. 72. 68. 92.
  42. 54.]
 [30.  4. 61.  4. 66. 36. 34. 18. 87. 39.  3. 49. 71. 28. 77. 71. 80. 54.
  97. 45.]
 [ 1. 32.  6. 79.  2. 17. 65. 22. 71. 39. 81. 80.  8. 17. 20. 10. 37. 37.
  49. 70.]
 [78. 39. 49. 74. 88. 92. 56.  9. 27. 69. 94. 60. 61. 97. 11. 39. 48. 47.
  53. 18.]
 [14.  6. 18.  1.  9. 34. 93. 12. 65. 43. 17. 12. 41. 23. 94. 45. 81.  2.
  88. 93.]
 [50. 64. 64. 30. 67. 56. 64. 35. 87. 14. 75. 96. 84. 24. 54. 98. 91. 93.
  12. 61.]
 [56.  1. 38.  5. 88. 45. 35. 70. 64. 12. 33.  9. 28. 58. 60. 78. 48. 61.
  52. 47.]
 [18. 60. 31. 90. 99. 11. 66. 44. 30.  8. 74. 33. 77. 45. 76. 39. 78. 60.
  86. 89.]
 [14. 42. 96. 57. 30. 63. 48. 16.  4. 47. 75. 21. 35. 69. 61. 67. 33. 37.
  49. 67.]
 [81. 24. 87. 46. 40. 42. 72. 52. 88. 81. 93. 37. 81. 66. 82.  1. 38. 73.
  14.  9.]
 [91. 10. 42. 58. 35. 15. 26. 42. 21. 80. 85. 35. 34. 28. 35. 43. 73. 85.
  25. 67.]
 [21. 21. 72. 66. 69. 22. 30. 97. 86. 73. 15. 51. 39. 37.  2. 76. 41. 40.
  34. 58.]
 [50. 26. 36. 62. 55. 30. 71. 58. 58. 16. 66. 41.  1. 99. 49. 56. 92. 13.
  43. 49.]
 [87. 93. 44. 80. 18. 11. 64. 72. 94. 87. 59. 49. 82. 30. 23. 95. 20. 24.
  99. 72.]
 [86. 40. 39. 97. 82. 27. 10. 60. 99. 10. 41. 17. 44. 46. 52.  6.  5. 48.
  83. 39.]
 [22. 13.  6. 95. 77. 41. 95. 95. 74. 40. 71.  9. 67.  3. 88. 33. 25. 68.
  43. 66.]]

determiner:                       -3.817776222188744e+38
inverse matrix determiner:        -2.6193258635433646e-39
euclidean norm:                   1163.5097764952386
euclidean norm of inverse matrix: 0.4535926287113636
condition number:                 527.7594580518463