[[19963    13   -35    39   -72   -72   -17    34    80    94   -72   -97
     85   -94    82    48    10   -30    -3    82]
 [   -4 19963   -42    33    31    76   -31    19   -10   -83   -66    30
    -45   -97   -16    18   -42     9     5    78]
 [    6    22 19963    59   -79     6   -37   -96   -43    59   -15   -22
      0    51   -19    -8    78    65   -57    61]
 [   76    11   -75 19963    27   -96    83    20     3    96    73    49
     21   -97   -11    41   -96   -30    23    52]
 [   42    23    16    79 19963   -55     7    99    73   -20    36   -93
     63   -83    82    81    76    98     1   -81]
 [  -33   -13    63    98    -8 19963    20    57   -71   -13     4   -42
     62   -28   -36    37   -38    93    76   -82]
 [   65   -36    50    59    11    -5 19963   -56   -95     1    59  -100
    -91    83    50   -59    95    14   -54   -31]
 [   10    13   -67   -49   -73   -84   -33 19963   -78   -79    11   -70
    -98   -33   -92    45   -38   -44    45   -58]
 [  -99    13    98   -92   -42   -95    38    41 19963   -36   -82    -3
     30    87    52    -7    38   -23   -40    69]
 [    4    18  -100    73     8    14    59   -91    13 19963   -56   -14
    -65   -73   -92    -4    86    78   -26    60]
 [   54    74   -98     8    65    66   -96    31   -56    42 19963   -89
    -66   -96    59    17    -1   -56   -28   -32]
 [  -98   -15   -30   -24    51     9   -45   -15    10    14   -21 19963
     19    -8    87   -76   -81    39   -78    33]
 [  -23   -44   -54    19   -52    46   -13    42    75   -56   -42    57
  19963    10    52   -70    66    57    89   -23]
 [   67    49    79   -38   -40   -42    -9   -43   -24    63    -9    73
    -97 19963    20   -24    49    80   -46   -46]
 [  -69   -90    61   -31    86   -65    -2   -94    16   -64    95    81
    -29    95 19963   -11    34   -14     7    82]
 [   61   -19   -67    52   -48    68   -91   -85    -7    33    88    13
     96   -10   -74 19963    99    37    32    28]
 [  -78    84    77     8   -28   -93    38   -49     3   -77    31    24
     61   -51    74   -70 19963    32   -58   -27]
 [   30   -51   -10   -41    60    -2   -50    -4    71    65   -65    84
      5   -93    35   -32   -40 19963    35    78]
 [  -57    83    21    59    22   -31    81    79    32   -71    28   -61
    -28     5   -73   -37    36   -10 19963    -1]
 [  -62    58    84    82    62   -17   -94    70   -95    54   -33    35
    -63   -24   -48   -36     5   -34    78 19963]]

determiner:                1.0104264867738167e+86
inverse matrix determiner: 9.896811030685595e-87
euclidean norm:            89284.25514053415
euclidean norm 
of inverse matrix:         0.00022403939225428308
condition number:          20.00319025956162