[[2.05834727e+04 2.68326519e+01 4.39251341e+01 8.33903622e+00
  7.58928663e+00 2.45292648e+01 8.53476079e+01 5.52032406e+01
  5.72881071e+01 8.45930881e+01 3.97567043e+01 3.47440460e+01
  8.80564082e+01 5.59952139e+01 6.04163582e+01 7.94268633e+01
  8.92649349e+01 6.94672290e+01 5.92462808e+01 8.57752067e+01]
 [7.07628349e+01 2.05834727e+04 8.57224998e+01 1.36664730e+01
  4.67773414e+01 3.08238446e+01 9.70754770e+01 5.15330244e+01
  3.15472129e+01 1.06389891e+01 1.16243452e+01 7.02997848e+01
  1.61896997e+01 5.65645587e+01 6.00116120e+01 4.71346345e+01
  7.64279927e+01 1.97270254e+00 2.89752571e+01 5.42324795e+01]
 [1.00982800e+01 6.17830888e+01 2.05834727e+04 4.12675557e+00
  4.38795549e+00 9.56260538e+01 1.44196334e+01 5.51217215e+01
  3.10175848e+01 5.49997481e+00 6.57432473e+01 4.72395443e+01
  3.38464565e+01 8.66584004e+01 6.64946841e+01 9.43981142e+01
  4.18736999e+01 1.60549819e+01 8.35344673e+01 6.89058879e+01]
 [4.89821717e+01 8.49057588e+01 5.34675567e+01 2.05834727e+04
  1.33055794e+01 1.78391109e+01 8.40813385e+01 7.28298324e+01
  8.90796232e+01 8.75708549e+01 7.19095398e+01 5.11144014e+01
  4.99835893e+01 8.77492661e+01 3.67508411e+01 3.81570445e+01
  9.71149498e+01 2.66387984e+01 4.17736141e+01 7.43254414e+01]
 [3.70035709e+01 6.99988778e+01 7.36274320e+00 3.33891810e+01
  2.05834727e+04 6.51255290e+01 2.85120599e+01 4.26800092e+01
  8.55148035e+01 6.83892198e+01 3.45656523e+01 3.03228854e+01
  7.26897424e+01 4.09233132e+01 9.87978056e+01 4.73362818e+01
  6.01715797e+01 4.75124302e+01 1.20778363e+01 1.79694654e+01]
 [9.43170022e+01 6.45141077e+01 7.24621153e+01 1.67244689e+01
  4.97063733e+01 2.05834727e+04 5.36709921e+01 4.55974559e+01
  2.88579968e+01 5.14356028e+01 6.93809853e+01 5.01860224e+01
  8.42875490e+01 3.79740680e+00 5.45088854e+01 2.49879409e+01
  7.00501620e+01 7.57273116e+00 9.93837555e+01 2.73576707e+01]
 [1.91727717e+01 1.14404895e+00 4.10451138e+01 2.19557392e+01
  5.91732487e+01 4.10293050e+01 2.05834727e+04 8.94082260e+01
  4.66335643e+01 9.40044145e+01 5.88134272e+01 2.82537378e+01
  6.78647763e+01 1.39157272e+01 3.65728578e+01 2.35550593e+01
  5.81210108e+00 3.28480449e+01 2.81061684e+01 7.49482690e+01]
 [3.93900504e+01 8.82133243e+01 9.52491744e+01 8.67235082e+01
  9.75555528e+01 9.51544481e+01 5.57856429e+01 2.05834727e+04
  2.54806026e+01 7.10165178e+01 6.70301567e+01 9.17496133e+01
  3.42704115e+01 8.77415445e+01 2.49373863e+01 9.08869951e+01
  2.43430819e+01 6.73684556e+01 1.99710928e+01 5.69578194e+01]
 [1.75386634e+01 3.85630616e+01 8.09264064e+01 6.79860377e+01
  7.43206746e+01 7.41896441e+01 1.48599979e+01 1.95378025e+00
  2.05834727e+04 9.09418417e+01 1.51563214e+00 4.93060273e+01
  6.68870040e+00 7.05992380e+00 6.91957396e+01 4.95073518e+01
  2.77772247e+01 7.85064165e+01 6.53279358e+01 4.80452338e+01]
 [8.87098233e+01 9.62404793e+01 3.87349431e+01 6.04758542e+01
  8.65854735e+01 1.85459789e+01 4.00957513e+01 5.64776628e+01
  1.61402181e+01 2.05834727e+04 4.24567327e+01 5.70497369e+01
  4.23727585e+01 1.96818319e+01 3.84289220e+00 8.56347148e+00
  6.49994990e+01 6.51462511e+00 2.08487596e+01 4.36729838e+01]
 [9.68349439e+01 6.53534786e+01 9.39013093e+01 9.19921635e+01
  7.42193525e+01 2.91216870e+01 9.45502421e+01 4.75455614e+00
  3.28383835e+01 3.25023488e+01 2.05834727e+04 4.12013157e+01
  9.97207863e+01 4.03341031e+01 2.69891129e+01 7.30800602e+01
  4.00967049e+00 4.98543698e+01 8.47800915e+01 9.24663620e+01]
 [5.02351710e+01 3.09365038e+01 9.22266311e+01 6.10598773e+01
  9.96525819e+01 7.69359658e+01 5.49929120e+01 6.36649691e+01
  7.34165630e+00 7.32086206e+01 7.10099739e+01 2.05834727e+04
  3.37618524e+01 6.36187273e+01 8.86763154e+01 2.37200037e+01
  9.09199161e+01 4.29378374e+01 8.13730763e+01 4.53544293e+01]
 [1.82642736e+00 3.23245151e+01 6.24703118e+00 7.82589401e+01
  4.63525378e+01 1.34228195e+01 4.54270033e+01 8.14298564e+01
  9.38330587e+01 9.62109659e+01 2.58693766e+01 6.22342962e+00
  2.05834727e+04 4.92771859e+01 4.99033294e+01 4.17295980e+01
  7.44816647e+01 3.35616834e+01 2.03653907e+01 7.07243140e+01]
 [9.20429857e+01 7.78834874e+01 1.83612825e+01 9.86304241e+00
  7.98299472e+01 3.23101014e+01 4.96272203e+01 1.52010894e+01
  6.72831281e+01 5.99484062e+01 9.64219256e+01 9.32563479e+01
  7.47522277e+01 2.05834727e+04 3.96896821e+01 7.46532067e+01
  8.54780122e+01 8.34264106e+00 6.83172035e+01 5.02285430e+01]
 [4.58566319e+01 9.57469476e+01 7.29015163e+01 2.08131299e+01
  4.22550064e+01 7.57957884e+01 7.14593606e+01 5.96939638e+01
  4.99044353e+01 9.16374212e+01 7.99418101e+01 3.01916739e+01
  4.53790691e+01 9.61914047e+01 2.05834727e+04 1.61423565e+01
  3.67154865e+01 4.45449014e+01 3.83478808e+01 7.34041857e+01]
 [7.48111616e+01 6.46107088e+01 6.66211464e+01 3.93584108e+01
  2.52955290e+01 2.97680376e+01 1.68559675e+01 3.52438405e+01
  8.48952469e+01 9.66332924e+01 1.97440836e+01 8.46859915e+01
  2.65453965e+01 8.61361157e+00 3.93081878e+01 2.05834727e+04
  4.43643196e+01 2.25476291e+01 7.70158772e+01 5.04897641e+01]
 [4.02891772e+01 1.15441093e+01 7.61372598e+01 7.32852397e+01
  4.94563689e+01 2.80406901e+01 3.84753904e+01 5.03520228e+01
  5.13503111e+01 3.76644416e+01 7.51246570e+01 9.25219104e+01
  8.39159893e+01 2.48615642e+01 5.39870989e+01 5.18189833e+01
  2.05834727e+04 4.56729269e+01 9.41412073e+01 1.59911815e+01]
 [2.00830765e+01 7.10841525e+00 6.54171233e+01 9.12657555e+00
  8.51923427e+01 5.29485362e+01 4.14118243e+01 8.20335698e+01
  5.52350673e+01 2.35986963e+01 4.47324174e+01 8.28131605e+01
  9.41385741e+01 5.73708844e+01 8.78696588e+01 7.38675813e+01
  3.47492674e+01 2.05834727e+04 2.10425123e+01 3.40831914e+01]
 [7.42722403e+01 3.02694253e+01 4.40949525e+01 5.90127097e+01
  4.14499952e+01 8.21007983e+01 1.40736249e+00 4.91097632e+01
  3.57777273e+01 3.84595916e+01 9.62614819e+00 6.76696818e+01
  9.11565916e+01 9.66226530e+01 2.24323284e+01 4.08976064e+01
  8.79208136e+01 6.20841719e+01 2.05834727e+04 1.47797505e+01]
 [5.05161865e+01 3.14974404e+01 2.51490764e+00 4.40833104e+01
  4.25936555e+01 3.61042530e+01 5.17059077e+01 6.66114334e+01
  9.11260253e+01 1.68606831e+01 7.54983456e+01 6.73901701e+01
  7.03945380e+01 4.71140659e+01 4.75108056e+01 7.28152836e+01
  5.52465198e+01 3.08848575e+01 2.85777120e+01 2.05834727e+04]]

determiner:                       1.8615722351690446e+86
inverse matrix determiner:        5.371803366573055e-87
euclidean norm:                   92059.13052385327
euclidean norm of inverse matrix: 0.00021730814697486922
condition number:                 20.005199066256175